Starting Dynare (version 5.0).
Calling Dynare with arguments: none
Starting preprocessing of the model file ...
Found 22 equation(s).
Evaluating expressions...done
Computing static model derivatives (order 1).
Computing dynamic model derivatives (order 1).
Processing outputs ...
done
Preprocessing completed.


STEADY-STATE RESULTS:

m       		 0.01
s       		 0.00227273
n       		 0.5
v       		 0.55
theta   		 1.1
p       		 0.02
c       		 1.47
lambda  		 0.68027
r       		 0.16383
E       		 0.331061
w       		 0.961323
lambdaE 		 1.99585
W       		 52.8204
U       		 52.1111
k       		 10.6439
H       		 3.31061
J       		 0.709358
K       		 5.32194
Y       		 2.49112
y       		 4.98224
A       		 1
I       		 0.532194

EIGENVALUES:
         Modulus             Real        Imaginary

       1.364e-11       -1.364e-11                0
         0.01294         -0.01294                0
          0.8225           0.8225                0
             0.9              0.9                0
           1.006            1.006          0.02685
           1.006            1.006         -0.02685
           1.064            1.064                0
           1.621            1.621                0
       3.986e+08       -4.661e+07        3.958e+08
       3.986e+08       -4.661e+07       -3.958e+08
        9.43e+17        -9.43e+17                0
       8.795e+21       -8.795e+21                0


There are 8 eigenvalue(s) larger than 1 in modulus 
for 8 forward-looking variable(s)

The rank condition is verified.


MODEL SUMMARY

  Number of variables:         22
  Number of stochastic shocks: 1
  Number of state variables:   4
  Number of jumpers:           8
  Number of static variables:  11


MATRIX OF COVARIANCE OF EXOGENOUS SHOCKS
Variables        epsa
epsa         0.000100

POLICY AND TRANSITION FUNCTIONS
                                   m               s               n               v           theta               p               c          lambda               r               E               w         lambdaE               W               U               k               H               J               K               Y               y               A               I
Constant                    0.010000        0.002273        0.500000        0.550000        1.100000        0.020000        1.470005        0.680270        0.163830        0.331061        0.961323        1.995849       52.820409       52.111051       10.643883        3.310606        0.709358        5.321941        2.491122        4.982243        1.000000        0.532194
H(-1)                       5.726497        1.312406        5.726497      318.611524      649.821342       11.682054        3.546570       -1.641236        0.738358       -4.937501        4.574389       -1.153021      113.577813      132.307415      -86.781709       -4.037501      -18.729602       17.561311       19.447330      -18.166941               0       17.561311
K(-1)                       0.680448        0.155855        0.680448       37.880979       77.258944        1.388114        0.561307       -0.259754        0.067466       -0.581703        0.617295       -0.166354       17.817739       20.047109       -8.613620       -0.581703       -2.229371        2.935800        2.400061       -1.980194               0        2.035800
A(-1)                       8.967850        2.054348        8.967850      499.175978     1018.081226       18.294413        6.277682       -2.905106        1.236504       -7.835985        8.181030       -1.179122      201.591142      230.422379     -134.047436       -7.835985      -28.831236       28.429023       32.108927      -25.142159        0.900000       28.429023
n(-1)                       0.931215        0.215221        1.911215       52.452467      109.109606        1.938879        1.285233       -0.594764        0.231710       -1.421536        1.382860       -0.406128       40.391067       45.991384      -27.730354       -1.421536       -5.600317        6.477571        6.555330       -5.933614               0        6.477571
epsa                        9.964277        2.282608        9.964277      554.639976     1131.201362       20.327126        6.975202       -3.227895        1.373894       -8.706650        9.090033       -1.310136      223.990158      256.024865     -148.941596       -8.706650      -32.034707       31.587804       35.676585      -27.935733        1.000000       31.587804


THEORETICAL MOMENTS
VARIABLE         MEAN  STD. DEV.   VARIANCE
m              0.0100     0.1420     0.0202
s              0.0023     0.0324     0.0011
n              0.5000     0.0998     0.0100
v              0.5500     7.8515    61.6466
theta          1.1000    15.8640   251.6679
p              0.0200     0.2869     0.0823
c              1.4700     0.1366     0.0187
lambda         0.6803     0.0632     0.0040
r              0.1638     0.0195     0.0004
E              0.3311     0.0910     0.0083
w              0.9613     0.1134     0.0129
lambdaE        1.9958     0.0149     0.0002
W             52.8204     4.2621    18.1655
U             52.1111     4.3958    19.3233
k             10.6439     2.0286     4.1154
H              3.3106     0.1378     0.0190
J              0.7094     0.3306     0.1093
K              5.3219     0.7115     0.5062
Y              2.4911     0.3674     0.1350
y              4.9822     0.3574     0.1277
A              1.0000     0.0229     0.0005
I              0.5322     0.3201     0.1025



MATRIX OF CORRELATIONS
Variables          m        s        n        v    theta        p        c   lambda        r        E        w  lambdaE        W        U        k        H        J        K        Y        y        A        I
m             1.0000   1.0000   0.7257   1.0000   0.9999   1.0000   0.0550  -0.0550   0.7627  -0.8761   0.4649  -0.4094   0.0775   0.1392  -0.7670  -0.1790  -0.8522  -0.0104   0.6070  -0.7703   0.0327   0.5941
s             1.0000   1.0000   0.7277   1.0000   0.9999   1.0000   0.0550  -0.0550   0.7649  -0.8776   0.4653  -0.4108   0.0775   0.1393  -0.7693  -0.1792  -0.8538  -0.0106   0.6086  -0.7726   0.0322   0.5966
n             0.7257   0.7277   1.0000   0.7302   0.7366   0.7322   0.4689  -0.4689   0.7370  -0.9674   0.7757  -0.8556   0.4844   0.5432  -0.7660  -0.5942  -0.9780   0.4004   0.9586  -0.8105   0.3939   0.9838
v             1.0000   1.0000   0.7302   1.0000   1.0000   1.0000   0.0610  -0.0610   0.7630  -0.8792   0.4706  -0.4157   0.0835   0.1453  -0.7676  -0.1852  -0.8556  -0.0045   0.6126  -0.7714   0.0383   0.5993
theta         0.9999   0.9999   0.7366   1.0000   1.0000   1.0000   0.0669  -0.0669   0.7655  -0.8837   0.4766  -0.4233   0.0894   0.1514  -0.7704  -0.1915  -0.8604   0.0010   0.6196  -0.7748   0.0433   0.6069
p             1.0000   1.0000   0.7322   1.0000   1.0000   1.0000   0.0610  -0.0610   0.7652  -0.8807   0.4710  -0.4171   0.0834   0.1454  -0.7699  -0.1854  -0.8572  -0.0048   0.6142  -0.7737   0.0378   0.6018
c             0.0550   0.0550   0.4689   0.0610   0.0669   0.0610   1.0000  -1.0000  -0.2508  -0.3398   0.9021  -0.8315   0.9997   0.9959   0.2084  -0.9887  -0.3535   0.9970   0.7009   0.1370   0.9882   0.5008
lambda       -0.0550  -0.0550  -0.4689  -0.0610  -0.0669  -0.0610  -1.0000   1.0000   0.2508   0.3398  -0.9021   0.8315  -0.9997  -0.9959  -0.2084   0.9887   0.3535  -0.9970  -0.7009  -0.1370  -0.9882  -0.5008
r             0.7627   0.7649   0.7370   0.7630   0.7655   0.7652  -0.2508   0.2508   1.0000  -0.8036   0.1631  -0.2960  -0.2334  -0.1659  -0.9988   0.1041  -0.8037  -0.3241   0.5145  -0.9918  -0.3198   0.6923
E            -0.8761  -0.8776  -0.9674  -0.8792  -0.8837  -0.8807  -0.3398   0.3398  -0.8036   1.0000  -0.7073   0.7448  -0.3589  -0.4231   0.8252   0.4740   0.9988  -0.2673  -0.8918   0.8569  -0.2788  -0.9082
w             0.4649   0.4653   0.7757   0.4706   0.4766   0.4710   0.9021  -0.9021   0.1631  -0.7073   1.0000  -0.9437   0.9112   0.9372  -0.2035  -0.9533  -0.7139   0.8675   0.9181  -0.2697   0.8728   0.7622
lambdaE      -0.4094  -0.4108  -0.8556  -0.4157  -0.4233  -0.4171  -0.8315   0.8315  -0.2960   0.7448  -0.9437   1.0000  -0.8392  -0.8712   0.3403   0.8959   0.7642  -0.7918  -0.9570   0.4121  -0.7573  -0.8773
W             0.0775   0.0775   0.4844   0.0835   0.0894   0.0834   0.9997  -0.9997  -0.2334  -0.3589   0.9112  -0.8392   1.0000   0.9976   0.1910  -0.9913  -0.3721   0.9953   0.7134   0.1196   0.9876   0.5132
U             0.1392   0.1393   0.5432   0.1453   0.1514   0.1454   0.9959  -0.9959  -0.1659  -0.4231   0.9372  -0.8712   0.9976   1.0000   0.1231  -0.9978  -0.4360   0.9861   0.7597   0.0513   0.9792   0.5673
k            -0.7670  -0.7693  -0.7660  -0.7676  -0.7704  -0.7699   0.2084  -0.2084  -0.9988   0.8252  -0.2035   0.3403   0.1910   0.1231   1.0000  -0.0612   0.8266   0.2823  -0.5515   0.9968   0.2814  -0.7240
H            -0.1790  -0.1792  -0.5942  -0.1852  -0.1915  -0.1854  -0.9887   0.9887   0.1041   0.4740  -0.9533   0.8959  -0.9913  -0.9978  -0.0612   1.0000   0.4875  -0.9741  -0.7987   0.0105  -0.9686  -0.6186
J            -0.8522  -0.8538  -0.9780  -0.8556  -0.8604  -0.8572  -0.3535   0.3535  -0.8037   0.9988  -0.7139   0.7642  -0.3721  -0.4360   0.8266   0.4875   1.0000  -0.2812  -0.9045   0.8604  -0.2880  -0.9271
K            -0.0104  -0.0106   0.4004  -0.0045   0.0010  -0.0048   0.9970  -0.9970  -0.3241  -0.2673   0.8675  -0.7918   0.9953   0.9861   0.2823  -0.9741  -0.2812   1.0000   0.6444   0.2114   0.9891   0.4361
Y             0.6070   0.6086   0.9586   0.6126   0.6196   0.6142   0.7009  -0.7009   0.5145  -0.8918   0.9181  -0.9570   0.7134   0.7597  -0.5515  -0.7987  -0.9045   0.6444   1.0000  -0.6100   0.6380   0.9549
y            -0.7703  -0.7726  -0.8105  -0.7714  -0.7748  -0.7737   0.1370  -0.1370  -0.9918   0.8569  -0.2697   0.4121   0.1196   0.0513   0.9968   0.0105   0.8604   0.2114  -0.6100   1.0000   0.2162  -0.7729
A             0.0327   0.0322   0.3939   0.0383   0.0433   0.0378   0.9882  -0.9882  -0.3198  -0.2788   0.8728  -0.7573   0.9876   0.9792   0.2814  -0.9686  -0.2880   0.9891   0.6380   0.2162   1.0000   0.4177
I             0.5941   0.5966   0.9838   0.5993   0.6069   0.6018   0.5008  -0.5008   0.6923  -0.9082   0.7622  -0.8773   0.5132   0.5673  -0.7240  -0.6186  -0.9271   0.4361   0.9549  -0.7729   0.4177   1.0000



COEFFICIENTS OF AUTOCORRELATION
Order           1       2       3       4       5
m         -0.5080  0.0068  0.0001  0.0002  0.0001
s         -0.5071  0.0067  0.0000  0.0001  0.0001
n         -0.0337 -0.0170 -0.0144 -0.0122 -0.0103
v         -0.5086  0.0070  0.0002  0.0003  0.0002
theta     -0.5082  0.0070  0.0002  0.0003  0.0002
p         -0.5077  0.0068  0.0001  0.0002  0.0001
c          0.8597  0.7418  0.6412  0.5555  0.4821
lambda     0.8597  0.7418  0.6412  0.5555  0.4821
r          0.1536  0.1414  0.1219  0.1053  0.0912
E         -0.2694 -0.0102 -0.0111 -0.0091 -0.0075
w          0.4492  0.5201  0.4514  0.3939  0.3443
lambdaE    0.4379  0.3452  0.2662  0.2030  0.1526
W          0.8500  0.7409  0.6406  0.5551  0.4819
U          0.8062  0.7116  0.6150  0.5327  0.4624
k          0.1258  0.1192  0.1039  0.0909  0.0796
H          0.7635  0.6659  0.5807  0.5073  0.4440
J         -0.2277 -0.0135 -0.0141 -0.0123 -0.0108
K          0.8931  0.7660  0.6588  0.5677  0.4901
Y          0.1548  0.1446  0.1265  0.1109  0.0974
y          0.0864  0.0871  0.0774  0.0689  0.0614
A          0.9000  0.8100  0.7290  0.6561  0.5905
I          0.1341 -0.0504 -0.0393 -0.0324 -0.0266
Total computing time : 0h00m02s
