Starting Dynare (version 5.0).
Calling Dynare with arguments: none
Starting preprocessing of the model file ...
Found 22 equation(s).
Evaluating expressions...done
Computing static model derivatives (order 1).
Computing dynamic model derivatives (order 1).
Processing outputs ...
done
Preprocessing completed.


STEADY-STATE RESULTS:

m       		 0.01
s       		 0.00192308
n       		 0.5
v       		 0.65
theta   		 1.3
p       		 0.02
c       		 1.34482
lambda  		 0.743596
r       		 0.211111
E       		 0.498077
w       		 0.843258
lambdaE 		 1.4851
W       		 41.9239
U       		 41.4972
k       		 10.8412
H       		 4.98077
J       		 0.42675
K       		 5.42059
Y       		 3.26956
y       		 6.53912
A       		 1
I       		 0.542059

EIGENVALUES:
         Modulus             Real        Imaginary

          0.0158           0.0158                0
          0.0624          -0.0624                0
          0.8367           0.8367                0
             0.9              0.9                0
           1.008                1           0.1261
           1.008                1          -0.1261
           1.111            1.111                0
           1.983            1.983                0
             Inf              Inf                0


There are 5 eigenvalue(s) larger than 1 in modulus 
for 5 forward-looking variable(s)

The rank condition is verified.


MODEL SUMMARY

  Number of variables:         22
  Number of stochastic shocks: 1
  Number of state variables:   4
  Number of jumpers:           5
  Number of static variables:  13


MATRIX OF COVARIANCE OF EXOGENOUS SHOCKS
Variables        epsa
epsa         0.000100

POLICY AND TRANSITION FUNCTIONS
                                   m               s               n               v           theta               p               c          lambda               r               E               w         lambdaE               W               U               k               H               J               K               Y               y               A               I
Constant                    0.010000        0.001923        0.500000        0.650000        1.300000        0.020000        1.344817        0.743596        0.211111        0.498077        0.843258        1.485101       41.923909       41.497159       10.841175        4.980769        0.426750        5.420587        3.269561        6.539121        1.000000        0.542059
n(-1)                      -2.545345       -0.491015       -1.565345     -166.966622     -338.003142       -5.153304       -1.624517        0.898251       -0.130540        2.224232       -1.107310       -0.498614      -33.380647      -39.453883       15.154493        2.224232        6.073236       -9.392934       -7.687297        5.097371               0       -9.392934
H(-1)                      -5.253264       -1.015273       -5.253264     -346.591378     -706.841245      -10.716659       -5.711915        3.158314       -0.402881        6.782665       -3.526228       -1.527063     -116.314530     -135.353093       48.551574        7.682665       19.038563      -32.675770      -25.948775       16.805917               0      -32.675770
K(-1)                      -0.988969       -0.191238       -0.988969      -65.213288     -132.997895       -2.017496       -0.892073        0.493258       -0.100994        1.290847       -0.610045       -0.328627      -17.935542      -21.543256       10.788644        1.290847        3.607714       -5.327259       -4.777400        3.379170               0       -6.227259
A(-1)                     -20.349515       -3.933740      -20.349515    -1342.287126    -2737.482998      -41.513010      -21.243527       11.746275       -1.486838       26.141101      -12.701155       -5.518180     -436.874418     -511.072941      189.376660       26.141101       74.198523     -125.924315      -98.981592       68.172704        0.900000     -125.924315
epsa                      -22.610572       -4.370822      -22.610572    -1491.430140    -3041.647775      -46.125566      -23.603918       13.051417       -1.652042       29.045668      -14.112395       -6.131311     -485.416019     -567.858823      210.418511       29.045668       82.442804     -139.915905     -109.979547       75.747449        1.000000     -139.915905


THEORETICAL MOMENTS
VARIABLE         MEAN  STD. DEV.   VARIANCE
m              0.0100     0.3226     0.1041
s              0.0019     0.0623     0.0039
n              0.5000     0.2263     0.0512
v              0.6500    21.0968   445.0730
theta          1.3000    42.6265  1817.0164
p              0.0200     0.6519     0.4249
c              1.3448     0.5070     0.2570
lambda         0.7436     0.2803     0.0786
r              0.2111     0.0683     0.0047
E              0.4981     0.3019     0.0911
w              0.8433     0.1770     0.0313
lambdaE        1.4851     0.1334     0.0178
W             41.9239    10.9099   119.0256
U             41.4972    11.2089   125.6390
k             10.8412     4.7180    22.2591
H              4.9808     0.4302     0.1851
J              0.4267     0.8383     0.7027
K              5.4206     2.5129     6.3147
Y              3.2696     1.1246     1.2648
y              6.5391     0.9044     0.8180
A              1.0000     0.0229     0.0005
I              0.5421     1.4100     1.9882



MATRIX OF CORRELATIONS
Variables          m        s        n        v    theta        p        c   lambda        r        E        w  lambdaE        W        U        k        H        J        K        Y        y        A        I
m             1.0000   1.0000   0.7268   1.0000   0.9998   1.0000  -0.0218   0.0218   0.5629  -0.8562   0.3774   0.7053  -0.0361   0.0258  -0.6826  -0.1788  -0.8156   0.0688   0.6224  -0.8302  -0.0357   0.7375
s             1.0000   1.0000   0.7274   0.9999   0.9998   1.0000  -0.0235   0.0235   0.5652  -0.8570   0.3764   0.7075  -0.0379   0.0241  -0.6849  -0.1776  -0.8163   0.0672   0.6225  -0.8319  -0.0338   0.7385
n             0.7268   0.7274   1.0000   0.7327   0.7391   0.7333   0.4570  -0.4570   0.2514  -0.9696   0.7944   0.4696   0.4365   0.4988  -0.4552  -0.6675  -0.9888   0.5489   0.9764  -0.8438  -0.4315   0.9922
v             1.0000   0.9999   0.7327   1.0000   1.0000   1.0000  -0.0134   0.0134   0.5583  -0.8602   0.3857   0.7024  -0.0279   0.0342  -0.6797  -0.1875  -0.8204   0.0773   0.6296  -0.8318  -0.0433   0.7428
theta         0.9998   0.9998   0.7391   1.0000   1.0000   1.0000  -0.0070   0.0070   0.5561  -0.8648   0.3928   0.7018  -0.0216   0.0407  -0.6790  -0.1948  -0.8258   0.0841   0.6367  -0.8350  -0.0488   0.7490
p             1.0000   1.0000   0.7333   1.0000   1.0000   1.0000  -0.0152   0.0152   0.5606  -0.8610   0.3846   0.7047  -0.0297   0.0325  -0.6820  -0.1863  -0.8211   0.0757   0.6297  -0.8335  -0.0413   0.7438
c            -0.0218  -0.0235   0.4570  -0.0134  -0.0070  -0.0152   1.0000  -1.0000  -0.7459  -0.2529   0.8991  -0.5700   0.9997   0.9988   0.5839  -0.9660  -0.3439   0.9943   0.6381   0.0916  -0.9607   0.3528
lambda        0.0218   0.0235  -0.4570   0.0134   0.0070   0.0152  -1.0000   1.0000   0.7459   0.2529  -0.8991   0.5700  -0.9997  -0.9988  -0.5839   0.9660   0.3439  -0.9943  -0.6381  -0.0916   0.9607  -0.3528
r             0.5629   0.5652   0.2514   0.5583   0.5561   0.5606  -0.7459   0.7459   1.0000  -0.4498  -0.3836   0.9720  -0.7610  -0.7134  -0.9762   0.5504  -0.3652  -0.6710   0.0368  -0.7309   0.7278   0.3594
E            -0.8562  -0.8570  -0.9696  -0.8602  -0.8648  -0.8610  -0.2529   0.2529  -0.4498   1.0000  -0.6499  -0.6469  -0.2318  -0.3000   0.6313   0.4862   0.9950  -0.3540  -0.9004   0.9336   0.2472  -0.9803
w             0.3774   0.3764   0.7944   0.3857   0.3928   0.3846   0.8991  -0.8991  -0.3836  -0.6499   1.0000  -0.1561   0.8894   0.9195   0.1751  -0.9779  -0.7185   0.9399   0.9057  -0.3471  -0.8617   0.7166
lambdaE       0.7053   0.7075   0.4696   0.7024   0.7018   0.7047  -0.5700   0.5700   0.9720  -0.6469  -0.1561   1.0000  -0.5885  -0.5299  -0.9993   0.3412  -0.5734  -0.4796   0.2684  -0.8692   0.5592   0.5647
W            -0.0361  -0.0379   0.4365  -0.0279  -0.0216  -0.0297   0.9997  -0.9997  -0.7610  -0.2318   0.8894  -0.5885   1.0000   0.9975   0.6024  -0.9596  -0.3231   0.9916   0.6203   0.1142  -0.9623   0.3309
U             0.0258   0.0241   0.4988   0.0342   0.0407   0.0325   0.9988  -0.9988  -0.7134  -0.3000   0.9195  -0.5299   0.9975   1.0000   0.5446  -0.9765  -0.3893   0.9982   0.6739   0.0438  -0.9616   0.3961
k            -0.6826  -0.6849  -0.4552  -0.6797  -0.6790  -0.6820   0.5839  -0.5839  -0.9762   0.6313   0.1751  -0.9993   0.6024   0.5446   1.0000  -0.3573   0.5577   0.4944  -0.2524   0.8615  -0.5707  -0.5526
H            -0.1788  -0.1776  -0.6675  -0.1875  -0.1948  -0.1863  -0.9660   0.9660   0.5504   0.4862  -0.9779   0.3412  -0.9596  -0.9765  -0.3573   1.0000   0.5681  -0.9871  -0.8124   0.1638   0.9128  -0.5794
J            -0.8156  -0.8163  -0.9888  -0.8204  -0.8258  -0.8211  -0.3439   0.3439  -0.3652   0.9950  -0.7185  -0.5734  -0.3231  -0.3893   0.5577   0.5681   1.0000  -0.4417  -0.9391   0.9000   0.3330  -0.9904
K             0.0688   0.0672   0.5489   0.0773   0.0841   0.0757   0.9943  -0.9943  -0.6710  -0.3540   0.9399  -0.4796   0.9916   0.9982   0.4944  -0.9871  -0.4417   1.0000   0.7162  -0.0150  -0.9569   0.4499
Y             0.6224   0.6225   0.9764   0.6296   0.6367   0.6297   0.6381  -0.6381   0.0368  -0.9004   0.9057   0.2684   0.6203   0.6739  -0.2524  -0.8124  -0.9391   0.7162   1.0000  -0.7081  -0.6047   0.9446
y            -0.8302  -0.8319  -0.8438  -0.8318  -0.8350  -0.8335   0.0916  -0.0916  -0.7309   0.9336  -0.3471  -0.8692   0.1142   0.0438   0.8615   0.1638   0.9000  -0.0150  -0.7081   1.0000  -0.0920  -0.8976
A            -0.0357  -0.0338  -0.4315  -0.0433  -0.0488  -0.0413  -0.9607   0.9607   0.7278   0.2472  -0.8617   0.5592  -0.9623  -0.9616  -0.5707   0.9128   0.3330  -0.9569  -0.6047  -0.0920   1.0000  -0.3240
I             0.7375   0.7385   0.9922   0.7428   0.7490   0.7438   0.3528  -0.3528   0.3594  -0.9803   0.7166   0.5647   0.3309   0.3961  -0.5526  -0.5794  -0.9904   0.4499   0.9446  -0.8976  -0.3240   1.0000



COEFFICIENTS OF AUTOCORRELATION
Order           1       2       3       4       5
m         -0.5228  0.0252 -0.0018  0.0000 -0.0001
s         -0.5215  0.0249 -0.0020 -0.0002 -0.0002
n         -0.0370  0.0105  0.0058  0.0048  0.0039
v         -0.5238  0.0255 -0.0016  0.0002  0.0001
theta     -0.5234  0.0255 -0.0016  0.0002  0.0001
p         -0.5225  0.0252 -0.0018  0.0000 -0.0001
c          0.8783  0.7216  0.5942  0.4884  0.4007
lambda     0.8783  0.7216  0.5942  0.4884  0.4007
r          0.6240  0.5272  0.4359  0.3607  0.2981
E         -0.2290 -0.0232 -0.0283 -0.0231 -0.0194
w          0.5351  0.5149  0.4148  0.3366  0.2720
lambdaE    0.3605  0.3399  0.2808  0.2338  0.1946
W          0.8870  0.7322  0.6035  0.4967  0.4082
U          0.8607  0.7154  0.5895  0.4853  0.3989
k          0.4025  0.3527  0.2894  0.2384  0.1960
H          0.7320  0.5975  0.4823  0.3879  0.3105
J         -0.1715 -0.0094 -0.0148 -0.0117 -0.0096
K          0.8306  0.6871  0.5677  0.4685  0.3862
Y          0.1293  0.1390  0.1114  0.0910  0.0741
y         -0.0660 -0.0131 -0.0147 -0.0129 -0.0115
A          0.9000  0.8100  0.7290  0.6561  0.5905
I         -0.0476 -0.0469 -0.0398 -0.0333 -0.0278
Total computing time : 0h00m00s
